[gd_scene load_steps=10 format=3 uid="uid://kw4b746bnxce"]

[ext_resource type="PackedScene" uid="uid://dd1l2mbjhsrny" path="res://المشاهد/القمرة.tscn" id="1_rhtd5"]
[ext_resource type="PackedScene" uid="uid://dybnnowbvabs4" path="res://المشاهد/اللاعب.tscn" id="2_5asnc"]
[ext_resource type="PackedScene" uid="uid://bmwxduyj7xaww" path="res://المشاهد/الخلفية.tscn" id="3_6r57h"]
[ext_resource type="PackedScene" uid="uid://dps11jcjr7n3t" path="res://المشاهد/عوائق_للكبير.tscn" id="4_3717x"]
[ext_resource type="PackedScene" path="res://المشاهد/bubble_group.tscn" id="5_lgr31"]
[ext_resource type="PackedScene" uid="uid://cf5uhd72d4ttu" path="res://المشاهد/الشوك.tscn" id="6_o7cl0"]
[ext_resource type="Material" uid="uid://b3oustijkmr5k" path="res://الألوان والرسومات/Spikes.material" id="7_ganvu"]

[sub_resource type="BoxShape3D" id="BoxShape3D_dp2yv"]
size = Vector3(7.6, 1, 1)

[sub_resource type="BoxMesh" id="BoxMesh_4swim"]

[node name="2-Bubbles!" type="Node3D"]

[node name="PlayerCamera" parent="." instance=ExtResource("1_rhtd5")]
unique_name_in_owner = true

[node name="Player" parent="." instance=ExtResource("2_5asnc")]
transform = Transform3D(1, 0, 0, 0, 1, 0, 0, 0, 1, 5.70031, 0.75, -2.38946)

[node name="DirectionalLight3D" type="DirectionalLight3D" parent="."]
transform = Transform3D(0.866025, 4.10454e-07, 0.5, -0.482963, -0.258819, 0.836516, 0.12941, -0.965926, -0.224144, 0, 3, 0)

[node name="Ground" parent="." instance=ExtResource("3_6r57h")]

[node name="CSGBox3D" type="CSGBox3D" parent="Ground"]
transform = Transform3D(1, 0, 0, 0, 1, 0, 0, 0, 1, 0, -0.5, 0)
size = Vector3(16, 1, 9)

[node name="CSGBox3D3" type="CSGBox3D" parent="Ground"]
transform = Transform3D(1, 0, 0, 0, 1, 0, 0, 0, 1, 0.1, 0, -5)
size = Vector3(16, 1, 1)

[node name="CSGBox3D4" type="CSGBox3D" parent="Ground"]
transform = Transform3D(1, 0, 0, 0, 1, 0, 0, 0, 1, 0.1, 0, 5)
size = Vector3(16, 1, 1)

[node name="CSGBox3D5" type="CSGBox3D" parent="Ground"]
transform = Transform3D(1, 0, 0, 0, 1, 0, 0, 0, 1, -8.4, 0, 0)
size = Vector3(1, 1, 11)

[node name="CSGBox3D6" type="CSGBox3D" parent="Ground"]
transform = Transform3D(1, 0, 0, 0, 1, 0, 0, 0, 1, 8.6, 0, 0)
size = Vector3(1, 1, 11)

[node name="Large Obstacle" parent="." instance=ExtResource("4_3717x")]

[node name="CSGBox3D" type="CSGBox3D" parent="Large Obstacle"]
transform = Transform3D(1, 0, 0, 0, 1, 0, 0, 0, 1, 0.0123429, 0, 2.85426)
size = Vector3(7, 1, 3.2)

[node name="CSGBox3D2" type="CSGBox3D" parent="Large Obstacle"]
transform = Transform3D(1, 0, 0, 0, 1, 0, 0, 0, 1, 0.0219922, -0.0105495, -2.89406)
size = Vector3(7, 1, 3.2)

[node name="BubbleGroup2" parent="." instance=ExtResource("5_lgr31")]
transform = Transform3D(1, 0, 0, 0, 0.999336, 0.0364694, 0, -0.0364694, 0.999336, -6.02, 0, 3.051)

[node name="spike" parent="." instance=ExtResource("6_o7cl0")]
transform = Transform3D(1, 0, 0, 0, 1, 0, 0, 0, 1, 0, 0, -0.8)

[node name="CollisionShape3D" type="CollisionShape3D" parent="spike"]
transform = Transform3D(1, 0, 0, 0, 1, 0, 0, 0, 1, 2.38419e-07, 0, 5.96046e-08)
shape = SubResource("BoxShape3D_dp2yv")

[node name="MeshInstance3D" type="MeshInstance3D" parent="spike"]
transform = Transform3D(0.707107, 0, -0.707107, 0, 1, 0, 0.707107, 0, 0.707107, 0, 0, -0.3)
material_override = ExtResource("7_ganvu")
mesh = SubResource("BoxMesh_4swim")

[node name="MeshInstance3D2" type="MeshInstance3D" parent="spike"]
transform = Transform3D(0.707107, 0, -0.707107, 0, 1, 0, 0.707107, 0, 0.707107, 1, 0, -0.3)
material_override = ExtResource("7_ganvu")
mesh = SubResource("BoxMesh_4swim")

[node name="MeshInstance3D3" type="MeshInstance3D" parent="spike"]
transform = Transform3D(0.707107, 0, -0.707107, 0, 1, 0, 0.707107, 0, 0.707107, 2, 0, -0.3)
material_override = ExtResource("7_ganvu")
mesh = SubResource("BoxMesh_4swim")

[node name="MeshInstance3D4" type="MeshInstance3D" parent="spike"]
transform = Transform3D(0.707107, 0, -0.707107, 0, 1, 0, 0.707107, 0, 0.707107, 3, 0, -0.3)
material_override = ExtResource("7_ganvu")
mesh = SubResource("BoxMesh_4swim")

[node name="MeshInstance3D5" type="MeshInstance3D" parent="spike"]
transform = Transform3D(0.707107, 0, -0.707107, 0, 1, 0, 0.707107, 0, 0.707107, -1, 0, -0.3)
material_override = ExtResource("7_ganvu")
mesh = SubResource("BoxMesh_4swim")

[node name="MeshInstance3D6" type="MeshInstance3D" parent="spike"]
transform = Transform3D(0.707107, 0, -0.707107, 0, 1, 0, 0.707107, 0, 0.707107, -2, 0, -0.3)
material_override = ExtResource("7_ganvu")
mesh = SubResource("BoxMesh_4swim")

[node name="MeshInstance3D7" type="MeshInstance3D" parent="spike"]
transform = Transform3D(0.707107, 0, -0.707107, 0, 1, 0, 0.707107, 0, 0.707107, -3, 0, -0.3)
material_override = ExtResource("7_ganvu")
mesh = SubResource("BoxMesh_4swim")
